252
275
2
748
796
613
905
129
184
552
819
723
515
616
939
790
646
265
65
338
106
316
719
131
852
655
941
940
771
206
22
557
998
306
291
402
117
841
41
542
733
137
901
112
1000
775
657
37
906
133
312
83
402
151
548
602
948
752
357
501
199
239
936
719
363
538
802
367
464
735
165
761
883
882
122
456
998
536
894
698
920
78
381
313
946
404
129
734
284
619
19
381
288
575
391
433
252
271
84
31
352
108
70
794
756
650
918
414
997
597
238
630
252
891
650
859
177
682
569
641
771
296
371
444
272
1
517
502
77
962
77
679
345
55
767
822
306
581
568
918
296
900
58
335
439
371
771
401
178
981
491
76
657
534
107
837
481
152
741
939
841
567
3
597
207
352
398
770
925
471
706
1000
132
624
476
309
187
574
760
47
343
629
222
252
810
141
769
848
556
173
491
348
915
705
29
22
21
312
552
441
842
143
124
430
496
459
845
468
328
380
757
354
687
950
329
250
486
643
229
997
885
221
52
926
768
846
417
885
452
157
327
596
314
705
0
944
19
687
544
879
155
667
588
316
579
274
770
321
490
318
320
661
565
717
24
667
815
728
718
602
658
292
0
259
584
148
630
526
257
940
368
864
398
706
970
73
249
379
796
611
146
520
99
507
12
692
304
483
142
800
592
553
678
363
604
246
361
247
508
614
761
428
593
123
951
486
479
494
844
503
451
60
939
555
627
830
128
518
631
391
961
137
7
502
372
368
321
856
581
404
835
118
330
781
376
801
141
881
861
852
297
358
19
988
316
471
153
778
369
916
419
70
312
664
788
947
707
86
939
295
360
230
400
174
297
169
126
143
946
663
95
533
280
819
3
959
721
699
673
449
940
940
264
239
479
934
318
349
927
729
363
615
796
348
427
662
455
11
61
99
293
68
807
471
246
378
542
564
888
980
202
356
307
379
2
863
289
61
269
457
414
126
476
147
492
38
797
964
719
616
729
532
921
429
602
518
507
1000
978
13
759
600
153
419
815
471
513
983
451
635
413
285
985
766
94
525
219
992
125
394
808
619
112
255
838
162
861
330
624
948
346
359
892
352
455
921
895
5
102
646
257
90
58
104
818
703
41
565
761
931
101
326
907
5
345
43
689
635
77
697
237
417
665
256
858
989
291
306
413
806
481
87
935
563
343
832
786
306
274
490
857
908
551
63
548
34
365
152
348
872
141
398
827
469
261
737
117
635
421
348
241
715
378
936
457
646
265
161
156
995
53
462
765
166
731
556
233
131
850
947
467
88
378
882
566
744
367
498
711
949
654
218
351
672
556
537
169
743
775
755
13
522
25
923
445
446
454
581
598
389
659
818
350
332
810
546
601
106
860
871
344
99
448
334
863
872
728
18
224
718
825
839
625
202
705
56
846
685
743
359
856
804
554
565
909
306
595
580
995
576
630
451
424
6
677
151
510
164
374
996
14
157
799
637
127
318
398
309
322
561
307
140
463
553
608
847
805
174
744
294
972
372
21
808
442
465
874
175
534
189
308
546
839
822
985
857
447
482
432
657
256
631
885
972
17
710
605
999
580
905
607
36
114
31
923
12
787
671
935
356
14
518
515
734
31
664
283
694
346
821
420
475
712
556
845
445
226
705
68
429
681
923
698
399
658
445
411
321
513
781
90
672
244
561
805
967
251
321
371
965
446
229
777
369
819
830
346
756
473
415
522
75
176
532
733
890
668
122
703
661
402
3
854
816
875
727
994
822
737
168
455
568
530
574
360
850
352
177
771
846
115
795
885
144
194
304
972
92
867
427
684
896
356
279
807
495
702
129
871
344
626
642
976
775
260
728
862
631
347
810
957
729
141
381
790
479
402
256
515
520
189
968
753
983
107
750
675
733
614
754
715
592
17
944
270
897
614
583
205
166
556
667
741
144
401
519
716
99
265
149
429
734
229
572
666
426
919
968
495
228
677
577
79
227
617
746
483
839
923
104
370
354
802
512
872
239
906
350
505
849
119
289
603
146
181
240
100
847
776
82
126
337
409
619
611
694
606
592
127
729
380
273
967
463
562
65
665
814
904
409
598
462
511
735
850
544
417
672
461
665
558
981
454
791
602
386
950
362
868
218
628
457
300
777
567
634
716
511
948
972
183
483
26
617
549
870
824
68
294
339
708
111
130
677
706
740
533
332
423
450
336
909
497
425
960
12
687
454
793
977
575
620
492
797
769
989
586
584
259
820
505
299
555
351
662
459
325
499
592
867
937
363
824
398
108
271
280
715
384
649
